-0.204677 0.029730 2.987595
-0.257130 0.037872 2.998106
-0.314651 0.046183 2.998020
-0.413692 0.060501 3.046151
-0.479862 0.066835 3.018490
-0.555847 0.076237 3.002128
-0.641831 0.088307 2.991827
-0.748817 0.104451 3.001795
-0.851957 0.118964 3.006437
-0.951073 0.132442 3.106936
-1.061598 0.136274 3.042408
-1.164797 0.146544 3.004351
-1.263856 0.160225 3.014307
-1.381356 0.175262 3.016185
-1.487119 0.188596 3.014039
-1.586357 0.201323 2.972882
-1.698811 0.220477 2.995911
-1.802816 0.235737 3.013806
-1.902043 0.248486 3.007372
-2.007094 0.262672 3.006437
-2.108370 0.276444 3.009768
-2.207522 0.289590 3.061919
-2.296055 0.296659 3.023417
-2.391265 0.307963 2.998708
-2.490286 0.322209 3.006040
-2.588537 0.335609 2.983981
-2.686978 0.351254 2.966390
-2.785461 0.368688 2.994614
-2.864249 0.380352 2.915152
-2.954439 0.401131 2.846946
-3.050101 0.430163 2.835107
-3.144962 0.460182 2.765568
-3.238003 0.496916 2.720785
-3.325261 0.535967 2.619475
-3.398237 0.577956 2.674250
-3.464307 0.611297 2.717823
-3.522576 0.637582 2.717599
-3.571258 0.659556 2.690717
-3.623988 0.685084 2.715018
-3.678599 0.709904 2.735044
-3.695057 0.716990 2.479021
-3.699040 0.720097 1.786582
-3.702849 0.737476 2.026460
-3.727087 0.786935 1.913844
-3.751166 0.854349 1.865939
-3.766183 0.903746 1.830653
-3.782038 0.963381 1.790173
-3.795447 1.023519 1.736386
-3.808493 1.101581 1.695187
-3.820085 1.194291 1.514410
-3.814201 1.298535 1.553188
-3.812400 1.400795 1.543790
-3.809539 1.506698 1.498431
-3.802201 1.607931 1.451007
-3.790308 1.706739 1.423633
-3.775734 1.805051 1.376569
-3.758275 1.893809 1.329917
-3.739453 1.970431 1.364174
-3.726488 2.032281 1.288042
-3.711025 2.085503 1.206063
-3.680831 2.164582 1.131337
-3.658273 2.212565 1.081998
-3.652525 2.223373 0.881144
-3.649516 2.227021 1.054048
-3.635939 2.250915 0.268313
-3.633532 2.251576 0.153519
-3.600573 2.256676 0.462050
-3.554146 2.279797 -0.096362
-3.475525 2.272198 -0.163721
-3.419192 2.262892 -0.212623
-3.355495 2.249140 -0.202093
-3.284928 2.234682 -0.277725
-3.236073 2.220753 -0.381676
-3.182812 2.199377 -0.517587
-3.135883 2.172657 -0.568893
-3.090929 2.143914 -0.547804
-3.015891 2.098133 -0.545334
-2.964062 2.066689 -0.547729
-2.903231 2.029583 -0.560337
-2.835693 1.987208 -0.549367
-2.757738 1.939482 -0.550557
-2.672889 1.887395 -0.511538
-2.577529 1.833862 -0.561349
-2.490062 1.778860 -0.587028
-2.411228 1.726415 -0.615729
-2.344600 1.679277 -0.598316
-2.284553 1.638344 -0.592022
-2.232368 1.603251 -0.595307
-2.188963 1.573854 -0.761820
-2.141759 1.528826 -0.576066
-2.114261 1.510963 -0.923801
-2.103001 1.496059 -1.329323
-2.084125 1.419414 -1.235881
-2.052708 1.329142 -1.290198
-2.035457 1.269284 -1.205375
-2.005663 1.191415 -1.316653
-1.983667 1.106733 -1.394648
-1.966923 1.012663 -1.337377
-1.945317 0.921790 -1.449240
-1.933682 0.826539 -1.533993
-1.930041 0.727676 -1.552597
-1.928150 0.623742 -1.622909
-1.933464 0.521861 -1.689896
-1.945778 0.418953 -1.730040
-1.961664 0.320042 -1.782774
-1.982686 0.222360 -1.855101
-2.008041 0.135594 -1.894324
-2.038666 0.044260 -1.930646
-2.073810 -0.049151 -1.976128
-2.124442 -0.167148 -2.039967
-2.174105 -0.265118 -2.100637
-2.224509 -0.351175 -2.061046
-2.281267 -0.457522 -2.152297
-2.340415 -0.547506 -2.245415
-2.402749 -0.625443 -2.277478
-2.459383 -0.691776 -2.345092
-2.526249 -0.760144 -2.396856
-2.600648 -0.828726 -2.305024
-2.669331 -0.904823 -2.442669
-2.745108 -0.968510 -2.545992
-2.827019 -1.024022 -2.591705
-2.917457 -1.079455 -2.649761
-3.008260 -1.128103 -2.701885
-3.097853 -1.170249 -2.792184
-3.199517 -1.207291 -2.807997
-3.282631 -1.236094 -2.830127
-3.351973 -1.258418 -2.733462
-3.430614 -1.292424 -2.827519
-3.486839 -1.310687 -2.949848
-3.555311 -1.323979 -3.123868
-3.610729 -1.324962 -3.064523
-3.668735 -1.329441 -3.069172
-3.758307 -1.335939 -3.071937
-3.818844 -1.340163 -3.003133
-3.913673 -1.353378 -3.058852
-4.003857 -1.360857 -3.089292
-4.095846 -1.365672 -3.035517
-4.192033 -1.375914 -3.068158
-4.290647 -1.383168 -3.097067
-4.390603 -1.387622 3.097655
-4.490266 -1.383240 3.130069
-4.577313 -1.382237 -3.122313
-4.653018 -1.383697 -3.094763
-4.750619 -1.388270 -3.119935
-4.828377 -1.389955 -2.358835
-4.841551 -1.403059 -2.970214
-4.841569 -1.403063 2.843773
-4.843432 -1.402491 2.757435
-4.871492 -1.391148 2.458828
-4.922040 -1.350040 2.332277
-4.979558 -1.289703 2.269503
-5.015570 -1.246836 2.221090
-5.055677 -1.194109 2.006389
-5.089692 -1.121023 2.043889
-5.130653 -1.040999 2.050722
-5.176226 -0.953446 2.011009
-5.222598 -0.855001 1.968741
-5.262338 -0.760465 1.909740
-5.295587 -0.666156 1.815516
-5.315889 -0.584857 1.806228
-5.337890 -0.493140 1.777492
-5.358466 -0.395014 1.698968
-5.373299 -0.279921 1.655318
-5.382209 -0.174754 1.612276
-5.386340 -0.075225 1.587347
-5.388042 0.027591 1.528684
-5.383752 0.129393 1.493987
-5.375741 0.233484 1.432743
-5.361915 0.333002 1.373892
-5.342343 0.431112 1.403667
-5.325367 0.531738 1.301497
-5.298635 0.628593 1.220985
-5.264786 0.721375 1.189512
-5.225785 0.818658 1.132329
-5.181907 0.912234 1.073275
-5.133809 1.000798 0.990397
-5.080761 1.081696 0.961424
-5.024724 1.161980 0.919906
-4.964014 1.241692 0.868739
-4.898867 1.318716 0.824343
-4.830999 1.392087 0.778634
-4.760432 1.461706 0.641415
-4.686669 1.516788 0.637268
-4.608219 1.574865 0.617321
-4.526722 1.632717 0.599143
-4.446440 1.687540 0.536348
-4.361355 1.738121 0.469090
-4.272301 1.783255 0.396486
-4.185049 1.819784 0.352717
-4.092803 1.853741 0.314728
-3.996687 1.885031 0.265493
-3.900670 1.911139 0.207937
-3.804205 1.931492 0.157703
-3.705702 1.947157 0.080068
-3.605354 1.955209 0.048368
-3.504725 1.960080 0.008253
-3.405925 1.960895 -0.032886
-3.309877 1.957735 -0.081064
-3.210153 1.949633 -0.132722
-3.109789 1.936234 -0.124081
-3.004315 1.923079 -0.196075
-2.905094 1.903371 -0.270976
-2.808855 1.876635 -0.326945
-2.724664 1.848085 -0.371555
-2.635654 1.813402 -0.413164
-2.544770 1.773558 -0.418647
-2.443690 1.728583 -0.495633
-2.351986 1.679004 -0.565501
-2.267380 1.625309 -0.705683
-2.194909 1.563560 -0.705078
-2.120081 1.499882 -0.726947
-2.045390 1.433449 -0.888785
-1.992998 1.368925 -0.859310
-1.931631 1.297744 -0.866059
-1.866349 1.220980 -0.855898
-1.800180 1.144754 -0.948155
-1.742343 1.064190 -1.020404
-1.690259 0.979315 -1.101347
-1.645764 0.891600 -1.132686
-1.603275 0.800904 -1.172860
-1.564897 0.709607 -1.062703
-1.512771 0.615999 -1.206961
-1.476140 0.519801 -1.319143
-1.450919 0.421707 -1.549533
-1.449147 0.338370 -1.480942
-1.440838 0.246142 -1.468525
-1.430685 0.147218 -1.520020
-1.425318 0.041600 -1.570184
-1.425255 -0.060384 -1.642154
-1.432817 -0.166177 -1.676215
-1.443521 -0.267342 -1.724868
-1.458889 -0.366297 -1.721278
-1.474416 -0.468696 -1.794928
-1.496878 -0.567228 -1.862199
-1.525513 -0.662700 -1.967755
-1.560720 -0.746683 -2.002604
-1.601164 -0.834450 -2.030420
-1.645538 -0.924097 -2.103929
-1.697251 -1.011727 -2.140845
-1.751542 -1.096420 -2.187600
-1.808966 -1.177401 -2.263446
-1.874494 -1.256370 -2.295380
-1.941814 -1.332420 -2.335551
-2.011826 -1.405384 -2.420017
-2.084748 -1.469545 -2.454763
-2.160483 -1.531649 -2.491858
-2.240106 -1.592146 -2.500694
-2.314607 -1.647719 -2.561123
-2.395788 -1.700961 -2.624427
-2.481621 -1.749783 -2.696021
-2.570919 -1.792432 -2.738370
-2.663924 -1.832108 -2.781111
-2.758225 -1.867655 -2.866797
-2.863265 -1.897268 -2.890187
-2.962684 -1.922803 -2.932943
-3.060688 -1.943553 -2.956974
-3.164628 -1.962964 -3.020964
-3.265668 -1.975212 -3.077175
-3.364935 -1.981615 3.095020
-3.463230 -1.977034 3.067262
-3.562401 -1.969649 2.933401
-3.648941 -1.951367 2.954860
-3.743287 -1.933542 2.943428
-3.841543 -1.913812 2.867100
-3.939098 -1.886340 2.829129
-4.034259 -1.855599 2.791129
-4.128284 -1.821228 2.691005
-4.216588 -1.778508 2.671405
-4.304519 -1.733822 2.639112
-4.391077 -1.686255 2.644981
-4.477022 -1.639681 2.571205
-4.561528 -1.585469 2.503635
-4.642493 -1.525443 2.428552
-4.719384 -1.458946 2.382207
-4.791759 -1.390241 2.340316
-4.861978 -1.317757 2.416049
-4.937235 -1.251009 2.293744
-5.002805 -1.176692 2.200715
-5.060960 -1.096918 2.207744
-5.120584 -1.016324 2.133816
-5.166397 -0.943739 2.061012
-5.200345 -0.880127 2.015125
-5.222762 -0.833040 1.958512
-5.255568 -0.752710 1.852897
-5.271168 -0.698883 0.142830
-5.221005 -0.691669 0.142831
-5.170842 -0.684455 0.142830
-5.120678 -0.677241 0.142831
-5.070515 -0.670027 0.142830
-5.020352 -0.662813 0.142832
-4.970189 -0.655599 0.142830
-4.920025 -0.648385 0.142831
-4.869862 -0.641171 0.142830
-4.819698 -0.633957 0.142831
-4.769536 -0.626743 0.142831
-4.719372 -0.619529 0.142831
-4.669209 -0.612315 0.142830
-4.619046 -0.605101 0.142830
-4.568882 -0.597887 0.142830
-4.518719 -0.590673 0.142831
-4.468555 -0.583459 0.142830
-4.418392 -0.576245 0.142833
-4.368229 -0.569031 0.142830
-4.318066 -0.561817 0.142832
-4.267903 -0.554603 0.142830
-4.217740 -0.547389 0.142831
-4.167576 -0.540175 0.142829
-4.117413 -0.532961 0.142831
-4.067249 -0.525747 0.142831
-4.017087 -0.518533 0.142831
-3.966923 -0.511319 0.142830
-3.916760 -0.504105 0.142831
-3.866596 -0.496891 0.142831
-3.816433 -0.489677 0.142830
-3.766270 -0.482463 0.142831
-3.716107 -0.475249 0.142831
-3.665943 -0.468035 0.142831
-3.615780 -0.460821 0.142830
-3.565617 -0.453607 0.142831
-3.515454 -0.446393 0.142831
-3.465290 -0.439179 0.142831
-3.415127 -0.431965 0.142831
-3.364964 -0.424751 0.142830
-3.314800 -0.417537 0.142831
-3.264637 -0.410323 0.142831
-3.214474 -0.403109 0.142831
-3.164311 -0.395895 0.142830
-3.114147 -0.388681 0.142831
-3.063984 -0.381467 0.142831
-3.013821 -0.374253 0.142831
-2.963658 -0.367039 0.142831
-2.913494 -0.359825 0.142830
-2.863331 -0.352611 0.142831
-2.813167 -0.345397 0.142831
-2.763005 -0.338183 0.142831
-2.712841 -0.330969 0.142831
-2.662678 -0.323755 0.142830
-2.612514 -0.316541 0.142831
-2.562351 -0.309327 0.142831
-2.512188 -0.302113 0.142831
-2.462025 -0.294899 0.142830
-2.411861 -0.287685 0.142831
-2.361698 -0.280471 0.142831
-2.311535 -0.273257 0.142831
-2.261372 -0.266043 0.142831
-2.211208 -0.258829 0.142830
-2.161045 -0.251615 0.142831
-2.110882 -0.244401 0.142830
-2.060718 -0.237188 0.142832
-2.010555 -0.229974 0.142830
-1.960392 -0.222760 0.142831
-1.910229 -0.215546 0.142831
-1.860065 -0.208332 0.142831
-1.809902 -0.201118 0.142830
-1.759739 -0.193904 0.142831
-1.709575 -0.186690 0.142831
-1.659412 -0.179476 0.142831
-1.609249 -0.172262 0.142830
-1.559085 -0.165048 0.142831
-1.508922 -0.157834 0.142831
-1.458759 -0.150620 0.142831
-1.408596 -0.143406 0.142831
-1.358432 -0.136192 0.142831
-1.308269 -0.128978 0.142831
-1.258106 -0.121764 0.142831
-1.207943 -0.114550 0.142831
-1.157779 -0.107336 0.142831
-1.107616 -0.100122 0.142831
-1.057453 -0.092908 0.142831
-1.007290 -0.085694 0.142831
-0.957126 -0.078480 0.142831
-0.906963 -0.071266 0.142831
-0.856800 -0.064052 0.142831
-0.806637 -0.056838 0.142831
-0.756473 -0.049624 0.142831
-0.706310 -0.042410 0.142831
-0.656146 -0.035196 0.142831
-0.605983 -0.027982 0.142831
-0.555820 -0.020768 0.142831
-0.505657 -0.013554 0.142831
-0.455493 -0.006340 0.142831
-0.405330 0.000874 0.142831
-0.355167 0.008088 0.142831
-0.305004 0.015302 0.142831
-0.254840 0.022516 0.142831
EOP
-0.698102 -0.009634 -3.051572
-0.749108 -0.014239 -3.118099
-0.800416 -0.015444 3.101069
-0.851889 -0.013357 3.039547
-0.903391 -0.008083 2.980440
-0.954787 0.000272 2.923614
-1.005941 0.011602 2.868894
-1.056716 0.025802 2.816082
-1.106977 0.042766 2.764956
-1.156587 0.062388 2.715286
-1.205413 0.084562 2.666827
-1.253315 0.109183 2.619346
-1.300160 0.136145 2.572591
-1.345812 0.165342 2.526324
-1.390133 0.196668 2.480300
-1.432989 0.230017 2.434278
-1.474244 0.265285 2.388013
-1.513761 0.302364 2.341257
-1.551405 0.341149 2.293775
-1.587040 0.381536 2.245319
-1.620529 0.423416 2.195646
-1.651738 0.466686 2.144519
-1.680530 0.511239 2.091710
-1.706769 0.556970 2.036988
-1.730319 0.603772 1.980164
-1.751044 0.651540 1.921054
-1.768809 0.700168 1.859532
-1.783478 0.749551 1.795519
-1.794914 0.799582 1.728988
EOP
-2.447825 0.021497 -0.661291
-2.392581 -0.021493 -0.661291
-2.337337 -0.064482 -0.661291
-2.282093 -0.107472 -0.661292
-2.226849 -0.150462 -0.661291
-2.171605 -0.193451 -3.034433
-2.236139 -0.200393 -3.070069
-2.298762 -0.204880 -3.108145
-2.359474 -0.206911 3.134384
-2.418276 -0.206487 3.091027
-2.475167 -0.203608 3.044872
-2.530148 -0.198274 2.995850
-2.583218 -0.190484 2.943949
-2.634377 -0.180239 2.889209
-2.683625 -0.167539 2.831747
-2.730963 -0.152383 2.771759
-2.776391 -0.134772 2.709534
-2.819907 -0.114706 2.645450
-2.861513 -0.092184 2.579970
-2.901208 -0.067208 2.513621
-2.938993 -0.039776 2.480302
-2.980844 -0.007208 2.480301
-3.022696 0.025360 2.480301
-3.064548 0.057928 2.480302
-3.106399 0.090496 2.480301
-3.148251 0.123064 2.480301
-3.190102 0.155632 2.480299
-3.231953 0.188199 2.480304
-3.273805 0.220767 2.480301
-3.315657 0.253335 2.480299
-3.357508 0.285903 2.480302
-3.399359 0.318471 2.480304
-3.441211 0.351039 2.480301
-3.483063 0.383606 2.480302
-3.524914 0.416174 2.480299
-3.566766 0.448742 2.480302
-3.608617 0.481310 2.480302
-3.650469 0.513878 2.480304
-3.692320 0.546446 2.480299
-3.734172 0.579013 2.480298
-3.776023 0.611581 2.480302
-3.817874 0.644149 2.480304
-3.859726 0.676717 2.480301
-3.901578 0.709285 2.480301
-3.943429 0.741853 2.480299
-3.985281 0.774420 2.480300
-4.027132 0.806988 2.480302
-4.068984 0.839556 2.480302
-4.110835 0.872124 2.480301
-4.152687 0.904692 2.480301
-4.194538 0.937260 2.480302
-4.236390 0.969828 2.480301
-4.278241 1.002395 2.480301
-4.320093 1.034963 2.427716
-4.370425 1.078565 2.305636
-4.410934 1.123393 2.158543
-4.441619 1.169446 1.986366
-4.462482 1.216725 1.794570
-4.473521 1.265229 1.595233
-4.474736 1.314958 1.403445
-4.466128 1.365913 1.231256
-4.447697 1.418094 1.084177
-4.419443 1.471500 0.962088
-4.381365 1.526131 -0.575645
-4.313836 1.482307 -0.378920
-4.250351 1.457030 -0.148145
-4.192406 1.448382 0.118516
-4.141491 1.454445 0.418530
-4.099101 1.473301 0.742836
-4.066726 1.503030 1.076163
-4.045861 1.541716 1.400494
-4.037998 1.587440 1.700491
-4.044629 1.638283 1.967155
-4.067247 1.692329 2.197933
-4.107346 1.747657 2.394653
EOP
-4.535040 0.758743 -0.661291
-4.493189 0.726175 -0.661292
-4.451337 0.693608 -0.661286
-4.409485 0.661040 -0.661296
-4.367634 0.628472 -0.661296
-4.325783 0.595904 -0.661287
-4.283931 0.563336 -0.661291
-4.242080 0.530768 -0.661291
-4.200228 0.498201 -0.661297
-4.158377 0.465633 -0.661285
-4.116525 0.433065 -0.661291
-4.074674 0.400497 -0.661296
-4.032823 0.367929 -0.661291
-3.990971 0.335361 -0.661286
-3.949119 0.302793 -0.661291
-3.907268 0.270226 -0.661294
-3.865416 0.237658 -0.661291
-3.823565 0.205090 -0.661289
-3.781713 0.172522 -0.661296
-3.739862 0.139954 -0.661289
-3.698010 0.107386 -0.661294
-3.656159 0.074819 -0.661291
-3.614307 0.042251 -0.661288
-3.572456 0.009683 -0.661292
-3.530604 -0.022885 -0.661293
-3.488753 -0.055453 -0.661292
-3.446901 -0.088021 -0.661288
-3.405050 -0.120588 -0.661294
-3.363198 -0.153156 -0.661291
-3.321347 -0.185724 -0.661292
-3.279495 -0.218292 -0.661288
-3.237643 -0.250860 -0.661295
-3.195792 -0.283428 -0.661291
-3.153941 -0.315996 -0.746941
-3.094870 -0.370689 -0.943660
-3.054771 -0.426018 -1.174434
-3.032152 -0.480063 -1.441101
-3.025521 -0.530907 -1.741119
-3.033385 -0.576630 -2.065416
-3.054250 -0.615316 -2.398754
-3.086624 -0.645046 -2.723069
-3.129015 -0.663901 -3.023073
-3.179929 -0.669964 2.993443
-3.237875 -0.661316 2.762673
-3.301359 -0.636039 2.565950
-3.368888 -0.592215 2.480302
-3.410740 -0.559648 2.480301
-3.452591 -0.527080 2.480299
-3.494443 -0.494512 2.480301
-3.536294 -0.461944 2.480305
-3.578146 -0.429376 2.480301
-3.619998 -0.396808 2.480301
-3.661849 -0.364241 2.480302
-3.703701 -0.331673 2.480302
-3.745552 -0.299105 2.480301
-3.787404 -0.266537 2.480298
-3.829255 -0.233969 2.480302
-3.871106 -0.201401 2.480304
-3.912958 -0.168834 2.480298
-3.954809 -0.136266 2.480299
-3.996661 -0.103698 2.480302
-4.038512 -0.071130 2.480308
-4.080364 -0.038562 2.480296
-4.122215 -0.005994 2.480307
-4.164067 0.026574 2.480301
-4.205919 0.059141 2.480296
-4.247770 0.091709 2.480301
-4.289621 0.124277 2.480302
-4.331473 0.156845 2.480301
-4.373324 0.189413 2.480302
-4.415176 0.221981 2.480301
-4.457027 0.254548 2.480302
-4.498879 0.287116 2.480301
-4.540730 0.319684 2.480302
-4.582582 0.352252 2.480301
-4.624434 0.384820 2.480302
-4.666285 0.417388 2.480301
-4.708137 0.449955 2.480302
-4.749988 0.482523 2.427717
-4.800320 0.526125 2.305637
-4.840830 0.570953 2.158549
-4.871515 0.617006 1.986357
-4.892377 0.664285 1.794570
-4.903416 0.712789 1.595242
-4.904632 0.762519 1.403445
-4.896024 0.813474 1.231255
-4.877593 0.865654 1.084177
-4.849339 0.919060 0.962088
-4.811261 0.973691 -2.215960
-4.862239 0.905954 -2.180409
-4.907701 0.840854 -2.139764
-4.947648 0.778391 -2.092986
-4.982076 0.718564 -2.038876
-5.010989 0.661374 -1.975936
-5.034385 0.606821 -1.902463
-5.052264 0.554904 -1.816604
-5.064628 0.505624 -1.716538
-5.071474 0.458981 -1.600997
-5.072803 0.414974 -1.469940
-5.068617 0.373604 -1.325348
-5.058914 0.334870 -1.171779
-5.043694 0.298774 -1.015996
-5.022958 0.265314 -0.865308
-4.996706 0.234490 -0.725717
-4.964936 0.206303 -0.661287
-4.922441 0.173234 -0.661298
-4.879946 0.140166 -0.661287
-4.837450 0.107097 -0.661293
-4.794955 0.074028 -0.661293
-4.752460 0.040959 -0.661293
-4.709964 0.007890 -0.661287
-4.667469 -0.025179 -0.661293
-4.624973 -0.058248 -0.661287
-4.582478 -0.091317 -0.661293
-4.539982 -0.124386 -0.661292
-4.497487 -0.157454 -0.661293
-4.454992 -0.190523 -0.661287
-4.412496 -0.223592 -0.661293
-4.370001 -0.256661 -0.661287
-4.327505 -0.289730 -0.661298
-4.285010 -0.322799 -0.661287
-4.242515 -0.355868 -0.661293
-4.200019 -0.388937 -0.661292
-4.157524 -0.422005 -0.661288
-4.115028 -0.455074 -0.661292
-4.072533 -0.488143 -0.661292
-4.030038 -0.521212 -0.661290
-3.987542 -0.554281 -0.661290
-3.945047 -0.587350 -0.661293
-3.902552 -0.620419 -0.661290
-3.860056 -0.653488 -0.740173
-3.812253 -0.697151 -0.971005
-3.785795 -0.735842 -1.356970
-3.778532 -0.769293 -1.907622
-3.788316 -0.797236 -2.409880
-3.813000 -0.819402 -2.734927
-3.850435 -0.835524 -2.940149
-3.898475 -0.845335 -3.084479
-3.954970 -0.848565 3.084050
-4.017773 -0.844947 2.982652
-4.084735 -0.834213 2.884721
-4.153709 -0.816096 2.783394
-4.222548 -0.790326 2.673000
-4.289102 -0.756637 2.548458
-4.351224 -0.714760 2.480302
-4.397261 -0.678935 2.480302
-4.443297 -0.643111 2.480302
-4.489334 -0.607286 2.480297
-4.535370 -0.571461 2.480307
-4.581408 -0.535637 2.480297
-4.627444 -0.499812 2.480302
-4.673481 -0.463988 2.480302
-4.719517 -0.428163 2.480297
-4.765553 -0.392338 2.480302
-4.811590 -0.356514 2.480302
-4.857627 -0.320689 2.480302
-4.903664 -0.284864 2.559189
-4.957733 -0.249254 2.790008
-5.001739 -0.233112 -3.107192
-5.035948 -0.234289 -2.556572
-5.060631 -0.250638 -2.054282
-5.076054 -0.280011 -1.729240
-5.082485 -0.320260 -1.524030
-5.080193 -0.369237 -1.379700
-5.069445 -0.424795 -1.265043
-5.050509 -0.484784 -1.163636
-5.023653 -0.547057 -1.065716
-4.989146 -0.609466 -0.964381
-4.947254 -0.669864 -0.853991
-4.898247 -0.726102 -0.729445
-4.842391 -0.776032 -0.694614
-4.806518 -0.805919 -0.760962
-4.772554 -0.838262 -0.826443
-4.740502 -0.873060 -0.890512
-4.710359 -0.910313 -0.952751
-4.682128 -0.950022 -1.012743
-4.655807 -0.992186 -1.070196
-4.631397 -1.036805 -1.124938
-4.608898 -1.083879 -1.176847
-4.588309 -1.133409 -1.225853
-4.569631 -1.185394 -1.272018
-4.552863 -1.239834 -1.315375
-4.538006 -1.296729 -1.356031
-4.525060 -1.356080 -1.394101
-4.514024 -1.417886 -1.429745
-4.504900 -1.482148 -0.593358
-4.450436 -1.518879 -0.446262
-4.397389 -1.544260 -0.295350
-4.345540 -1.560035 -0.154394
-4.294672 -1.567952 -0.035985
-4.244565 -1.569755 0.051637
-4.195004 -1.567194 0.104857
-4.145768 -1.562012 0.122621
-4.096643 -1.555958 0.104853
-4.047408 -1.550777 0.051639
-3.997847 -1.548215 -0.035993
-3.947741 -1.550019 -0.154388
-3.896872 -1.557936 -0.295354
-3.845023 -1.573711 -0.446255
-3.791975 -1.599091 -0.593358
-3.737512 -1.635823 -0.608707
-3.682881 -1.673901 -0.486625
-3.629475 -1.702156 -0.339537
-3.577294 -1.720587 -0.167349
-3.526340 -1.729194 0.024436
-3.476610 -1.727979 0.223779
-3.428106 -1.716940 0.415561
-3.380827 -1.696078 0.587755
-3.334774 -1.665392 0.734833
-3.289946 -1.624883 0.856922
-3.246344 -1.574551 2.417883
-3.298252 -1.528682 2.235323
-3.331213 -1.486608 1.921694
-3.345225 -1.448327 1.428670
-3.340291 -1.413842 0.909497
-3.316407 -1.383151 0.560733
-3.273576 -1.356254 0.357851
-3.211797 -1.333152 0.234763
-3.131071 -1.313844 0.154401
-3.031396 -1.298331 -0.608704
-2.976765 -1.336409 -0.486627
-2.923360 -1.364663 -0.339539
-2.871179 -1.383095 -0.167349
-2.820224 -1.391702 0.024439
-2.770494 -1.390487 0.223773
-2.721990 -1.379448 0.415565
-2.674712 -1.358586 0.587756
-2.628659 -1.327900 0.734831
-2.583831 -1.287391 0.856922
-2.540229 -1.237059 -0.608704
-2.485597 -1.275136 -0.486625
-2.432192 -1.303391 -0.339540
-2.380011 -1.321822 -0.167351
-2.329056 -1.330430 0.024439
-2.279327 -1.329215 0.223778
-2.230823 -1.318176 0.415563
-2.183544 -1.297313 0.587753
-2.137491 -1.266628 0.734833
-2.092663 -1.226119 0.856922
-2.049061 -1.175786 2.405611
-2.094382 -1.134737 2.188422
-2.121096 -1.097130 1.849393
-2.131055 -1.062310 1.420874
-2.126118 -1.029622 1.048136
-2.108137 -0.998411 0.805918
-2.078970 -0.968022 0.665551
-2.040470 -0.937798 0.588944
-1.994495 -0.907085 0.553135
-1.942897 -0.875228 0.546239
-1.887534 -0.841570 0.562567
-1.830261 -0.805457 0.600028
-1.772932 -0.766234 0.658797
-1.717403 -0.723245 0.740473
-1.665529 -0.675834 0.847272
EOP
